DangerType: Rain
RainIntensity: 0.9021739
Grime: 0.3152174
Palette: 11
EffectColorA: 5
PlacedObjects: CustomDecal><414.562><478.4314><4~264~667~273~672~4~-415~-85~0~1~0~Rust2~0.4456522~1~0.4456522~1~0.4456522~1~0.4456522~1, ShelterBhvrManager><160.9567><-23.69525><-320~348~False~False~4~False~3~6~20~40~60~120~120~120~False, ShelterBhvrSpawnPosition><773.3453><311.9258><, ShelterBhvrSpawnPosition><488.1186><312.9008><, DandelionPatch><123.3361><237.8646><0~100, LightBeam><520.4071><285.9271><21~236~41~233~55~-4~-455~-38~0.3891303~0~0~1~None~0~0, LightBeam><793.4412><284.9411><14~190~30~190~41~-2~-350~219~0.3891303~0~0~1~None~0~0, CGShelterRain><853.3274><156.601><, CGDrySpot><289.0503><272.5564><680^167, 
AmbientSounds: SPOT><AM_IND-Utility02.ogg><99.91217><371.883><0.423913><0.726087><639.9122><351.883><-220.3553><-125.3553><0><0.4152175, OMNI><SO_WAT-MoreDrips.ogg><49.85651><276.8307><0.1195652><0.6673913, OMNI><AM_ENV-WinterTrees.ogg><44.83331><484.3606><0.3586957><1, OMNI><AM_ENV-Outside.ogg><69.70789><187.3045><0.3586957><1, OMNI><SO_WAT-OpenFlow.ogg><83.73834><99.80034><0.2826087><1, 
FadePalette: 35, 0.7065217
