Palette: 10
EffectColorB: 8
TerrainStainAmount: 0.6376688
TerrainStainBrightness: 1
Effects: FairyParticles-0.02683922-19.5058-123.8303, DarkenLights-0.8051801-287.4161-95.43431, ModifyEffectColorB-0,0.1562145,0.4070848-282.1715-171.8109, 
PlacedObjects: FloatingDebris><274.9582><372.3509><-152.4761~-593.8489~1856985838~15~30~3~3~100~37.03998~-168.5259~3.024776~0.03086517~2.46922~Stardust~1~-2.376624v0.08024963v0v0~0, FloatingDebris><-57.74187><379.8769><36.41931~-532.1185~1958121767~30~30~3~3~6~134.1196|882.963~323.4672|206.2628~0.7793951|0.3734607~0.53569|-0.1296344~-1.514761|0.5161035~Big Tube~1~0v0v0v0|0v0v0v0~0, FairyParticleSettings><-173.9965><323.6344><174.7588~-693.8326~1~1~1~0.5032375~1.947388~14.21058~500~201.4127~483.1079~557.1514~55.55738~0~335.8444~360~0.5~0.5034724~0.3021778~0.1006476~0.6038852~0.5032375~1~0.5569166~10~Bubble_Thinnest~QUAD_IN~QUAD_IN~65.75636~1~0, CustomDecal><-149.5517><-49.13953><4.321134~782.6177~1243.744~822.7425~1445.603~29.63062~-187.6606~-291.3678~0~1~0~deeptealsquare~0.3054146~0~0.3054146~0~0.3054146~0~0.3054146~0, CellDistortion><390.171><357.6052><624.7125~-274.0867~521.0034~-473.9102~0.01365264~1~0~1, TerrainHandle><232.9897><147.5406><-175.8071~4.321136~125.1881~-0.6172943~24.93843, TerrainHandle><-146.8206><81.87076><-40~0~188.7705~-7.407669~188.5242, TerrainHandle><483.8619><97.19855><-40~0~104.817~-1.851929~45.30951, TerrainHandle><961.6187><134.56><-390.6293~3.086517~180.7455~1.851913~131.7322, ShelterBhvrManager><113.0911><261.3219><100~50~False~False~4~False~3~6~20~40~60~120~120~120~False, ShelterBhvrSpawnPosition><527.9321><232.1881><, ShelterBhvrSpawnPosition><459.018><235.1992><, ShelterBhvrSpawnPosition><519.809><333.9407><, ShelterBhvrSpawnPosition><459.876><335.657><, 
FadePalette: 801, 0.3019426
TerrainFadePalette: mpath3, 0.9530308
