Clouds: 0
Grime: 0
Palette: 80
EffectColorB: 21
Effects: DarkenLights-0.8051803-20-20, Fog-0.5-25-80, 
PlacedObjects: WallLight><-197.3233><385.314><150~50~-197.3233~385.314~793~-48~-40~-55~524~-124~0.6195652~0.2608696~0.3152174~False~SkyColor~False~False~Always~Soft, ShelterBhvrManager><122.8179><268.8119><100~50~False~False~4~False~3~6~20~40~60~120~120~120~False, ShelterBhvrSpawnPosition><501.1248><269.3441><, ShelterBhvrSpawnPosition><430.5501><271.5059><, ShelterBhvrSpawnPosition><341.8051><312.9423><, 
AmbientSounds: SPOT><waterGurgleLOOP1.wav><743.1337><553.6012><0.4021739><1><468.1337><51.6012><-91.35529><164.6447><0><0.1, OMNI><SO_NAT-WindTunnel.ogg><147.7044><10.30527><0.05434782><1, SPOT><so_wat-splashes.ogg><704.1056><250.9199><0.3043478><1><655.1056><254.9199><-159.3553><-69.35535><0><0.1, OMNI><RWTW_AR_DripWorks.ogg><396.5387><12.05377><0.1521739><1, SPOT><AM_ENV-LightWind.ogg><696.4452><383.2936><0.3043478><1><-70.55481><314.2936><332.6447><-154.3553><0><0.1, 
FadePalette: 33, 0.9021739
