Template: NONE
Clouds: 0.1005322
Grime: 0
RandomItemDensity: 0
RandomItemSpearChance: 0
Palette: 81
EffectColorB: 18
Effects: Hue-0.3247959-20-20, Fog-0.5026608-38.53751-74.82188, 
PlacedObjects: LightSource><460.4041><353.8208><0.02188044~EffectColor2~-1353~-769~-180.678~-313.8089~0~1~None~0~0, CustomDecal><-192.3126><-50.43024><1~763~1350~762~1348~0~-209~-282~0~1~0~DirtyWaterLine~0.3043478~1~0.3043478~1~0.3043478~1~0.3043478~1, FloatingDebris><119.3708><404.8365><-179.0895~22.96457~1295632636~0~30~0.25~0.5~4~323.5157|399.8396|464.7802|526.1635|584.701~44.30835|42.17401|46.44275|45.01984|46.44275~0.1086978|0.093479|0.1575104|0.1361667|0.1361667~0.007114258|0|0|0|0~0.07114624|0.04268799|0.06403137|0.06403137|0.08537535~Stardust~0.5~0.2774695v-1.088531v0v0|0.2418964v-1.131219v0v0|0.1280621v-0.2134381v0v0|0.2988129v-1.600781v0v0|0.7256866v-0.6545416v0v0~0, WindRect><498.602><414.5363><-0.7115479~76.28442~225.6907~73.43857~231.3823~1.422913~-1~Creatures, WindRect><407.2343><213.3296><0.7114868~81.97601~229.9595~72.72708~231.3824~-2.845795~1~Creatures, FloatingDebris><41.11043><216.3><-147.0739~84.86145~146364185~0~30~0.25~0.5~14~323.5157|399.8396|464.7802|526.1635|584.701~44.30835|42.17401|46.44275|45.01984|46.44275~0.1442706|0.093479|0.1575104|0.05079162|0.1361667~0.007114258|0|0|0|0~0.07114624|0.04268799|0.06403137|0.06403137|0.08537535~Stardust~0.5~0.2774695v0.6972296v0v0|0.2418964v0.6687701v0v0|0.1280621v0.5122491v0v0|0.2988129v0.7185736v0v0|0.7256866v0.7328021v0v0~0, ShelterBhvrManager><147.4677><263.3376><100~50~False~False~4~False~3~6~20~40~60~120~120~120~False, ShelterBhvrSpawnPosition><456.3015><336.6069><, ShelterBhvrSpawnPosition><512.8829><331.825><, ShelterBhvrSpawnPosition><620.1517><334.4139><, ShelterBhvrSpawnPosition><691.3363><333.6405><, 
AmbientSounds: OMNI><AM_IND-Fabrik01.ogg><356.445><28.69229><0.5><0.3543478, OMNI><AM_ENV-SubTerr.ogg><541.511><32.69971><0.2065217><1, OMNI><Deep Weird Wind.wav><728.5717><34.93671><0.04347826><1, SPOT><AM_WIN-StrongWnd2.ogg><704.6907><510.3324><0.4536013><1><700.899><446.2375><-49.58447><-39.62415><0><0.1, SPOT><AM_WIN-StrongWnd2.ogg><474.0046><511.9897><0.4536013><1><439.6201><253.6669><-50.29602><-50.29596><0><0.1, SPOT><AM_WIN-StrongWnd2.ogg><235.6727><360.3099><0.4536003><1><445.3184><439.2183><-59.54492><-47.4501><0><0.1, SPOT><AM_WIN-StrongWnd2.ogg><238.4604><495.36><0.4536007><1><714.1916><253.4007><-52.4303><-50.29596><0><0.1, 
FadePalette: 83, 0.9099072
