Template: NONE
Grime: 0
Palette: 82
EffectColorA: 13
EffectColorB: 13
PlacedObjects: WallLight><213.7027><287.4896><-194.5931~-200.0436~213.7027~287.4896~0~100~127.3396~1.70874~130.1875~94.87384~0.06191022~0.3142694~0.1951652~False~SkyColor~False~False~Always~Soft, WallLight><215.0793><411.8015><150~50~215.0793~411.8015~81.44922~8.86795~-3.09314~-109.3584~105.1262~-111.3124~0.05571979~0.6161559~0.2075474~False~SkyColor~False~False~Always~Soft, WallLight><217.3718><407.8811><-571.6519~-99.79831~217.3718~407.8811~-6.8349~-89.66858~123.9222~2.27832~122.783~-82.83365~0.08667456~0.3561322~0.1146819~False~SkyColor~False~False~Always~Soft, WallLight><423><145><-210~129~423~145~5.449219~101.868~132.9069~-5.358398~136.1262~114.6876~0.05571979~0.6161559~0.2075474~False~SkyColor~False~False~Always~Soft, WallLight><423><588><-277~-310~423~588~-5.550781~-117.132~132.9069~-4.358398~129.1262~-113.3124~0.05571979~0.6161559~0.2075474~False~SkyColor~False~False~Always~Soft, WallLight><421><246><-291.5931~-224.0436~421~246~111~5~5.3396~-106.2913~117.1875~-105.1262~0.06191022~0.3142694~0.1951652~False~SkyColor~False~False~Always~Soft, WallLight><427><586><-291.5931~-224.0436~427~586~121~3~-0.6604004~-132.2913~123.1875~-128.1262~0.06191022~0.3142694~0.1951652~False~SkyColor~False~False~Always~Soft, WallLight><554><584><-291.5931~-224.0436~554~584~-103~-1~2.3396~-132.2913~-103.8125~-136.1262~0.06191022~0.3142694~0.1951652~False~SkyColor~False~False~Always~Soft, WallLight><557><245><-291.5931~-224.0436~557~245~-103~-1~2.3396~-132.2913~-103.8125~-136.1262~0.06191022~0.3142694~0.1951652~False~SkyColor~False~False~Always~Soft, ShelterBhvrManager><148.9822><271.8008><100~50~False~False~4~False~3~6~20~40~60~120~120~120~False, ShelterBhvrSpawnPosition><270.6436><312.8607><, ShelterBhvrSpawnPosition><466.7733><468.6986><, ShelterBhvrSpawnPosition><487><184.5501><, 
AmbientSounds: OMNI><RWTW_AR_ClinkMachine.ogg><668.1861><158.4162><0.1099648><0.3536564, 
FadePalette: 148, 0.2043042
