Clouds: 0.2391304
Palette: 60
EffectColorA: 8
EffectColorB: 6
Effects: Darkness-0-268-3, LightBurn-0.25-262-65, DayNight-0.6956522-17-61, 
PlacedObjects: DayNightSettings><540.8544><509.3628><5~8.660254~31~35, ShelterBhvrManager><119.1759><268.1549><100~50~False~False~4~False~3~6~20~40~60~120~120~120~False, ShelterBhvrNoTriggerZone><322.733><290.4493><113~172, ShelterBhvrSpawnPosition><478.5504><351.2368><, ShelterBhvrSpawnPosition><572.1068><333.1396><, ShelterBhvrSpawnPosition><656.4839><331.1993><, ShelterBhvrSpawnPosition><765.5438><347.6951><, 
AmbientSounds: OMNI><AM_ENV-LightWind.ogg><875.3513><655.8275><0.1630435><1, OMNI><AM_ENV-NatWind.ogg><699.3284><655.6027><0.02173913><0.1, SPOT><AM_ENV-NatWind.ogg><737.9464><490.7119><0.2934783><1><-9.05365><422.7119><197.6447><-95.35535><0><0.404348, SPOT><AM_ENV-WallHum.ogg><735.6676><373.1409><0.326087><0.8043478><1118.668><489.1409><-310.3553><-158.3553><0><0.6217393, 
FadePalette: 30, 0.25
