RumbleIntensity: 0
Clouds: 0.8043478
Grime: 0
Palette: 23
EffectColorB: 14
Effects: AboveCloudsView-0-16-132, Darkness-0.4130435-263-129, DayNight-0.8369565-257-201, 
PlacedObjects: LightSource><421.6551><303.1237><0.2173913~White~0~100~93~-95.39746~1~0~None~0~0, LightSource><361.4831><410.0507><0.2282609~White~104~-46~178~-9.397461~1~0~None~0~0, BrokenShelterWaterLevel><431.6168><346.1008><, DayNightSettings><205.8004><119.5119><5~8.660254~43~10, ShelterBhvrManager><132.3018><266.0266><100~50~False~False~4~False~3~6~20~40~60~120~120~120~False, ShelterBhvrNoTriggerZone><475.1144><304.1471><92~129, ShelterBhvrSpawnPosition><311.918><371.3176><, ShelterBhvrSpawnPosition><427.9778><372.6988><, ShelterBhvrSpawnPosition><312.0756><300.152><, ShelterBhvrSpawnPosition><426.1525><306.5754><, 
AmbientSounds: OMNI><AM_WIN-MedWind.ogg><596.7553><307.05><0.2065217><1, 
FadePalette: 14, 0.6413044
