WaveSpeed: 0.4981365
WaveLength: 0.9990682
WaveAmplitude: 0.07087284
SecondWaveLength: 0.1775363
SecondWaveAmplitude: 0
Grime: 0.1521739
Effects: Darkness-0.1630435-257-67, BrokenZeroG-0.1413043-256-123, ElectricDeath-0.01086957-249-12, 
PlacedObjects: LightSource><95.38011><454.1167><0.06430651~Environment~441~-242~255~-149.3975~1~1~None~0~0, SuperStructureFuses><289.6906><592.7187><419~54, SuperStructureFuses><289.8598><449.7995><273~47, ShelterBhvrNoTriggerZone><68.94415><189.452><118~94, ShelterBhvrSpawnPosition><103.4477><312.7798><, ShelterBhvrSpawnPosition><133.8371><439.32><, ShelterBhvrSpawnPosition><132.938><560.5578><, 
FadePalette: 13, 0.1956522
