CeilingDrips: 0
RainIntensity: 0
RumbleIntensity: 0
WaveSpeed: 0.51
WaveLength: 1
WaveAmplitude: 0.0001
SecondWaveLength: 1
SecondWaveAmplitude: 0.0001
Palette: 10
Effects: VoidSpawn-0.01086957-44-92, 
PlacedObjects: BrokenShelterWaterLevel><627.7184><90.94749><, ShelterBhvrManager><109.8482><269.6198><100~50~False~False~4~False~3~6~20~40~60~120~120~120~False, ShelterBhvrSpawnPosition><552.0503><444.5564><, ShelterBhvrSpawnPosition><693.6><446.1177><, 
FadePalette: 0, 0.2065217
WetTerrain: OFF
