Template: dm_settingstemplate_leg
RainIntensity: 1
WaveSpeed: 0.5
WaveLength: 1
WaveAmplitude: 1.873311E-34
SecondWaveLength: 0.1666667
SecondWaveAmplitude: 0
Clouds: 1
Effects: ZeroGSpecks-1-34-74, GreenSparks-0.2826087-34-120, ElectricDeath-0.6086956-273-21, 
PlacedObjects: ShelterBhvrNoTriggerZone><663.6692><300.6259><123~89, ShelterBhvrSpawnPosition><684.7333><433.9435><, ShelterBhvrSpawnPosition><804.9719><430.747><, 
FadePalette: 17, 0.8043478
